0	511.172152	583.103599	342.370732	991.023646	940.814294	550.85172	861.522406	783.287544	352.894756	829.745585	1029.896274	169.870157	498.13731	191.195053	1019.756289	437.9188	647.374226	949.201753	1000.963746	685.181738	283.068356	485.955587	991.063393	611.197667	498.136065	933.155723	914.311727	347.837016	544.313223	784.239866	1047.944834	667.345988	934.817355	538.142528	298.828821	805.88519	193.634018	368.630409	333.180049	999.400477	178.316562	525.740143	1031.699753	800.844155	385.204656	337.010792	968.686662	905.166049	418.842619	662.194224	971.149432	63.751788	495.74083	595.436107	484.87013	892.829519	587.075884	391.04743	298.386151	454.390521	450.122167	644.258427	867.619809	666.662737	773.654425	948.646679	785.035071	879.317614	614.600946	343.135645	419.727668	502.782205	519.01325	199.318403	516.044808	412.405345	298.21393	969.228397	944.018003	710.216148	425.171601	919.07577	527.232457	857.170215	449.70351	999.421535	705.174646	822.470008	458.519691	817.947316	861.905754	997.172745	994.975702	475.061982	961.166992	386.215618	940.88173	999.089933	1000
511.172152	0	910.948977	820.886969	1084.534746	1012.129134	323.160476	582.001678	552.041295	179.922038	939.279164	810.391979	598.300459	15.510482	321.759614	830.589157	73.261172	422.053793	963.950752	702.785666	912.97511	369.358336	881.23204	747.91799	950.536624	415.480452	606.789203	752.137014	172.662299	496.301625	866.561223	799.653979	616.287095	913.752688	817.778444	257.725109	727.77908	690.671119	179.867778	234.761844	922.577772	564.129214	912.768437	749.373622	842.176701	414.214831	178.246385	1000.162557	1071.869998	832.626767	776.676584	1119.202861	543.777846	366.97467	661.807654	739.689394	1084.851917	128.444353	700.308144	547.906511	607.544902	710.045126	958.325647	785.940526	539.889589	796.657849	1135.12065	517.380579	1049.87643	715.588295	652.770023	351.649228	81.061053	411.173458	699.589632	259.748135	100.835757	379.206747	1109.007713	931.243625	335.876502	482.226741	621.023218	184.478291	649.576568	667.323709	1082.070134	878.173169	563.258355	450.641743	854.668564	723.935186	1072.029019	728.433974	161.211783	901.670698	170.807617	977.329901	925.621022	940.894094
583.103599	910.948977	0	360.782062	535.19084	522.800375	709.147846	874.193054	781.238687	833.839218	408.802817	912.001542	413.2406	905.401503	695.547849	870.337908	853.593845	724.318045	591.98199	983.562554	185.778607	542.744985	145.240418	913.212078	41.44072	577.048615	970.930116	773.517608	751.997956	535.160326	418.992919	957.723963	545.270359	623.899181	109.002947	819.597036	621.69715	456.954057	732.048528	677.43423	728.801874	413.011093	118.99372	986.186669	477.211123	511.887707	797.976925	586.07875	396.439149	205.046554	338.781979	466.111862	519.645798	621.606674	398.69039	182.758576	363.047961	907.389419	214.757638	365.974418	333.697669	205.037222	62.051004	655.787312	628.795065	488.039317	413.907129	820.578508	373.028865	353.442711	266.296443	587.41548	948.990356	598.658848	464.276065	731.840038	821.351751	531.819214	472.362402	620.10135	891.736024	459.520407	929.542759	800.658661	792.606777	257.297762	552.728256	268.929277	830.623033	512.616478	490.878828	717.183596	559.183394	942.744383	778.600454	684.395399	874.06526	561.940478	724.787486	709.095561
342.370732	820.886969	360.782062	0	879.736706	853.440713	751.107847	1013.635943	922.380896	683.739527	734.779912	1122.719758	224.232799	810.047949	520.753506	1095.007117	749.914042	815.61718	900.728514	1145.145171	528.721241	489.667634	218.840856	1103.35867	368.997194	646.836469	1101.939221	988.534935	648.43999	650.835498	720.044362	1156.358078	729.387699	913.581866	383.446888	638.303639	848.212806	151.717924	652.172178	602.37705	1005.267737	264.38369	255.443699	1162.81032	762.812925	536.10597	660.307061	905.272899	752.474972	156.283915	607.809898	822.585357	288.795855	670.707176	602.497015	382.607802	722.551528	868.54981	293.242497	355.553796	465.045996	363.72265	418.702725	899.300166	775.38687	755.293013	774.348553	943.742431	727.947834	587.795071	288.788989	604.594626	828.323212	671.840631	150.209817	742.14718	720.16133	492.10204	827.097893	915.519459	936.162986	528.681017	1073.375749	783.082099	968.712989	405.720022	894.780775	590.127205	969.723137	583.988825	779.318718	930.494899	898.472418	1120.899927	740.592946	961.484575	720.235065	878.510051	1002.779031	993.975206
991.023646	1084.534746	535.19084	879.736706	0	77.260371	773.771126	721.935385	659.136324	1095.93844	161.728826	615.221852	842.866607	1086.827338	1017.123392	556.562338	1057.488761	709.130645	175.697869	761.410981	352.708135	800.469121	677.589214	656.193091	546.734608	669.346132	805.684475	512.197102	983.189311	588.251697	221.684632	673.10454	476.387763	249.451325	497.313135	1118.85845	411.733432	935.898188	942.515422	901.207607	342.145212	817.237443	654.17812	736.087171	244.149257	702.20593	1054.724099	135.271372	158.066012	726.174937	334.653249	114.434803	937.282846	717.595582	433.123374	519.491958	209.065928	1016.047079	621.019086	694.71201	545.683265	550.572207	493.273615	385.849396	571.254162	291.517474	196.290172	714.695736	173.13073	391.307741	658.366789	742.823386	1152.078529	673.663703	946.51557	830.643535	1030.507581	781.344966	96.404085	230.339051	887.68843	631.850106	753.051066	912.048996	601.871407	541.61498	22.607488	294.321167	693.58199	643.794514	233.901194	483.6472	38.446806	700.498167	923.475679	314.339556	1131.686778	138.601487	335.686612	307.752519
940.814294	1012.129134	522.800375	853.440713	77.260371	0	699.109481	646.01916	582.124859	1029.146318	118.736907	548.215057	798.710964	1014.82282	956.484981	490.456432	987.02443	632.52888	109.268209	689.559983	337.031966	737.889923	660.404089	585.806756	539.902934	597.720129	730.891285	439.625293	915.325531	516.328958	158.658864	605.708548	401.048787	180.214928	470.28565	1054.910391	334.737168	898.319718	873.701176	833.918451	281.190545	770.173771	640.940134	666.182483	170.019213	636.598981	987.945016	77.21571	188.630973	703.243875	278.903602	170.506779	889.360569	645.214262	367.832422	481.518012	240.06348	941.183994	582.555744	642.741408	489.720978	510.140113	488.232898	310.910309	494.754775	216.518435	243.953122	637.648414	193.997626	331.324852	615.807112	673.590957	1080.827534	600.962677	909.453519	756.83418	960.624889	718.517376	152.138097	162.714295	810.609404	567.19161	678.374787	838.021963	526.393249	494.402357	70.135186	263.430296	617.034081	575.444128	158.470597	408.621424	60.475341	629.473649	850.937335	248.500394	1064.218892	68.751416	274.957942	248.462915
550.85172	323.160476	709.147846	751.107847	773.771126	699.109481	0	318.432981	256.299974	401.916405	638.312929	521.032764	541.071987	329.155812	426.5475	529.692604	318.593599	112.010562	643.642281	456.942196	658.191531	276.012619	728.197713	468.034587	750.587147	133.253367	382.842936	440.272703	291.067916	197.904349	562.461692	524.286487	298.484651	591.233128	602.668314	460.510098	404.619418	666.663253	243.565177	240.793213	600.596183	495.26181	749.202065	493.351877	529.639448	217.595474	366.528879	681.141956	780.985311	701.406522	490.777885	820.561916	546.263397	88.050359	374.004361	526.391683	801.880399	242.349889	528.990147	401.868181	375.733386	506.849112	742.534931	463.059558	216.754128	482.601765	847.6691	242.13382	761.423031	432.762467	496.799907	146.62373	399.749111	114.981615	678.900071	64.904605	301.550245	266.927778	808.472915	609.041613	188.495664	251.419309	372.954379	140.710254	348.506562	452.124208	769.233693	603.571406	284.69373	196.561675	540.645848	405.838482	758.01898	461.467033	167.83829	578.676802	424.804874	659.440385	603.433723	618.065039
861.522406	582.001678	874.193054	1013.635943	721.935385	646.01916	318.432981	0	93.850453	705.025155	640.258455	233.152004	824.972863	593.28838	744.931478	266.096011	604.641154	214.199509	552.495936	139.50582	759.170829	579.431262	937.581706	166.975881	913.147822	373.622297	97.119434	227.892547	602.285176	364.092369	567.656399	217.659568	331.212048	480.693544	766.571165	770.727453	315.146439	954.574151	556.376355	558.989235	430.847878	778.709651	947.658187	175.3969	507.94097	490.832724	673.886011	595.430296	792.535257	930.030199	563.086517	806.398819	849.172667	366.307336	476.317161	704.779928	830.333536	460.524091	747.134191	659.402693	566.850898	699.450507	887.64811	336.868569	247.654627	464.823811	860.868793	76.76058	781.379319	527.357031	731.785471	442.297937	662.941585	349.694934	967.354942	371.271402	596.535988	566.13434	789.777511	501.19122	254.64659	485.19025	59.798413	412.133697	121.140658	642.962403	708.66748	677.220295	44.486493	431.400645	509.204105	239.74264	693.03309	147.553077	460.944879	432.678275	720.95398	584.66192	436.288204	461.349065
783.287544	552.041295	781.238687	922.380896	659.136324	582.124859	256.299974	93.850453	0	655.975583	564.260243	265.085103	737.779392	561.548858	678.848343	278.891188	563.926273	144.614167	496.539038	223.762623	670.40587	500.22476	843.74115	212.572018	820.417295	288.442278	189.771038	205.48912	547.109903	271.796071	489.48817	269.339134	240.596341	428.385723	673.361621	716.613265	247.403325	867.621544	499.770895	494.899805	398.287475	691.713283	853.847984	248.942303	433.356277	405.737331	621.845293	539.023094	717.101498	836.588707	474.99373	736.253847	767.212238	288.285154	384.151142	611.031052	752.301903	439.944779	653.661681	569.277257	473.16569	605.602407	795.875823	282.83664	153.824098	387.962836	785.915966	55.677925	704.26874	436.526264	639.168275	363.915111	632.758182	265.653574	880.476223	316.460606	551.411673	485.637231	720.37797	448.728569	252.660399	394.859622	152.31765	371.837807	97.616092	549.133865	647.82714	590.666407	49.555845	342.625817	436.740074	193.800868	633.051896	211.732089	414.526357	390.832228	676.142478	524.968526	402.849958	424.61839
352.894756	179.922038	833.839218	683.739527	1095.93844	1029.146318	401.916405	705.025155	655.975583	0	940.392044	920.976472	470.506231	164.629619	163.513963	931.565207	115.589365	513.376804	999.10554	836.359534	871.423917	307.038323	778.677385	864.545867	870.554255	444.658262	746.813889	841.051351	116.808584	523.559408	874.25405	919.503249	657.030151	959.630512	753.795395	78.182011	785.687296	542.677124	163.517734	195.413475	988.075392	445.334738	814.180524	879.035546	863.229528	394.048605	41.216474	1030.676572	1057.2296	721.743852	768.395347	1112.415786	396.354365	407.426611	662.827121	679.839492	1061.615951	293.508153	619.114795	470.422867	571.915677	646.374893	887.724436	847.946531	603.05373	822.001191	1115.157312	632.843495	1033.239072	708.195103	567.637014	359.099259	150.956624	450.623507	549.937551	339.612415	110.941399	323.864624	1104.865766	974.854875	480.94974	465.065463	752.006934	294.570606	750.064131	614.828931	1097.194356	854.445015	678.109195	454.280473	877.914188	803.078372	1089.589398	852.302238	244.08051	960.478872	40.227385	1005.376513	990.061862	1000.876457
829.745585	939.279164	408.802817	734.779912	161.728826	118.736907	638.312929	640.258455	564.260243	940.392044	0	585.365148	683.666212	940.503838	856.790521	531.908135	907.765178	587.599416	187.390384	706.486592	223.708243	641.561973	543.765932	610.720765	428.862561	524.425353	732.000259	460.040888	829.27633	445.13352	77.221082	640.293072	350.102551	235.492781	351.8051	960.4867	326.725221	780.78094	790.160049	746.733647	345.547225	656.786596	525.869739	691.182701	132.47359	546.388836	899.237499	177.320348	152.842272	585.071885	174.024276	182.290025	776.607496	574.314252	279.341052	363.680614	190.998852	879.82812	465.003714	533.054352	384.295113	393.117391	378.983733	325.649898	451.288699	176.303789	221.699219	617.917091	141.344824	232.57269	499.811502	592.064878	1003.763798	531.797397	791.783887	691.156021	879.738803	622.66159	170.379364	225.695289	771.010442	475.340888	681.086256	772.846271	526.996102	380.829534	169.823968	145.056223	605.444729	492.176638	133.563335	416.828462	168.948845	650.950974	779.256381	304.420029	976.919821	153.926542	340.256866	318.772342
1029.896274	810.391979	912.001542	1122.719758	615.221852	548.215057	521.032764	233.152004	265.085103	920.976472	585.365148	0	962.383447	820.902863	939.600955	59.603915	827.120013	409.050131	440.289442	171.67402	760.821381	748.905731	1005.141528	69.737749	946.162671	532.483682	257.999337	138.695138	812.046257	490.265101	528.580096	58.050292	393.353964	368.008388	813.073572	981.526684	290.307823	1091.119759	764.597763	757.64763	276.896406	917.889717	1005.97404	130.190282	461.986108	645.060081	886.926694	479.969699	725.055902	1013.543202	574.301428	718.658633	1006.615232	543.611654	528.81847	768.320143	771.501486	691.726125	835.307866	784.848247	657.760548	773.720202	909.501268	263.940258	364.117582	434.167041	788.124478	293.0489	721.259719	561.944392	833.941355	616.708644	891.449411	513.149424	1104.07993	581.535297	815.747216	732.435002	700.343827	385.84619	487.681768	616.430686	215.010841	634.208737	175.076209	722.714748	596.946926	669.57378	247.138115	573.640609	455.218596	196.230868	579.846813	110.321166	678.828438	300.895345	940.585328	479.75338	283.406621	312.028863
169.870157	598.300459	413.2406	224.232799	842.866607	798.710964	541.071987	824.972863	737.779392	470.506231	683.666212	962.383447	0	587.932284	311.587017	943.249955	528.234327	617.464199	819.690114	961.334814	522.503797	270.355735	321.019172	933.372928	441.54803	451.484211	907.697058	835.80162	425.64208	473.706673	646.44506	988.82276	577.407379	814.933337	372.494104	435.13354	710.128388	129.879127	427.995869	378.206729	891.217301	46.373615	359.939259	984.878413	672.240666	334.917494	443.37103	834.444208	746.313258	257.115555	524.300514	813.84595	106.468678	466.643974	477.879022	326.364691	730.574957	644.534578	227.63849	179.825341	330.529865	293.252162	474.45962	768.29942	601.224581	651.653155	786.211713	751.446722	720.431918	484.562599	184.764587	395.233046	610.270681	475.76637	142.772794	525.263201	497.876792	275.562072	813.299599	821.565383	721.654255	346.846047	884.560086	561.18977	797.202681	304.808373	853.163152	551.330548	782.445245	395.432082	689.50318	779.731617	852.545055	944.836584	517.290205	850.147281	508.802032	806.567191	890.009031	887.017068
498.13731	15.510482	905.401503	810.047949	1086.827338	1014.82282	329.155812	593.28838	561.548858	164.629619	940.503838	820.902863	587.932284	0	308.239794	840.299291	60.592764	429.936722	968.148847	715.141671	910.484439	363.098543	873.458887	758.877724	944.793537	417.496173	619.594049	760.698585	162.654713	498.624768	868.240922	810.942159	620.285538	918.810991	813.208321	242.342979	733.575841	678.748653	173.443019	228.262315	929.342261	554.411444	905.375749	761.443462	844.972215	411.841933	164.013019	1004.005238	1071.904997	824.075455	776.803504	1119.965307	531.692628	369.650412	662.452586	735.315071	1084.160156	142.433362	694.040694	541.49357	604.857815	705.278467	953.400246	792.205101	545.646461	799.742808	1134.763483	527.854292	1049.71416	715.650057	646.056684	351.136291	71.42876	414.102744	687.531959	265.138376	90.06791	373.598218	1109.98751	936.12949	348.642024	480.562291	633.066789	192.032865	658.983008	663.392191	1084.68032	877.160229	573.778938	450.601911	857.675706	731.592975	1074.838092	739.991941	164.718749	907.831116	155.33146	980.931605	932.298098	947.205318
191.195053	321.759614	695.547849	520.753506	1017.123392	956.484981	426.5475	744.931478	678.848343	163.513963	856.790521	939.600955	311.587017	308.239794	0	939.821934	248.620362	535.071549	942.832365	882.997155	756.462414	220.701451	626.980122	891.388817	729.940293	418.195923	803.978784	840.199226	168.475001	485.521951	798.094975	948.186129	620.138541	914.034579	625.855437	125.117031	757.50725	379.217751	201.495706	186.104473	959.752531	291.546062	664.04867	919.889131	798.838634	330.264339	145.878033	969.529712	958.415931	566.7724	682.804466	1018.663126	232.873207	397.160666	590.330628	557.178419	956.200486	408.159626	483.396011	345.120053	474.007939	522.166291	752.576031	820.974651	590.61399	762.891436	1011.266424	668.677448	933.362505	626.054003	431.099236	328.42616	311.987504	432.618516	386.621548	377.081081	225.309269	240.400779	1013.329402	926.774169	557.697189	393.451412	798.614115	366.398694	764.576872	500.579623	1021.437027	753.422164	710.784461	403.110579	814.91083	794.211484	1016.026766	887.44986	311.447289	926.699095	199.485745	942.729883	960.688178	967.031546
1019.756289	830.589157	870.337908	1095.007117	556.562338	490.456432	529.692604	266.096011	278.891188	931.565207	531.908135	59.603915	943.249955	840.299291	939.821934	0	842.376187	418.289205	382.069843	226.796884	714.031693	741.714134	968.71506	118.728598	903.375354	526.091009	305.902604	107.50584	820.030528	476.077857	478.077492	117.535291	367.634025	310.428367	773.928287	988.951298	251.315732	1070.835959	772.233104	761.076146	217.372278	899.633125	967.643898	188.53001	411.592326	634.711219	896.085116	421.291865	669.156082	980.509666	531.623008	660.962717	993.090423	542.670013	495.589499	733.159926	716.287134	715.81539	804.849666	764.224241	630.396029	740.821127	864.971247	216.095956	353.779998	387.022911	731.45187	315.760516	666.161821	524.107123	806.810509	613.219467	911.424023	508.694523	1083.767694	592.340593	828.92198	724.429327	642.579915	327.826196	516.887531	600.122365	258.882083	650.673901	182.10073	691.715118	538.061376	622.179069	271.132429	561.353987	403.707281	164.762832	520.932252	163.630161	692.31103	242.438265	953.326987	421.837216	223.888287	252.513048
437.9188	73.261172	853.593845	749.914042	1057.488761	987.02443	318.593599	604.641154	563.926273	115.589365	907.765178	827.120013	528.234327	60.592764	248.620362	842.376187	0	425.932071	945.994035	732.079234	866.381746	310.926309	817.216365	767.688226	892.517989	390.01002	639.72374	757.529824	104.36285	471.477214	837.20363	821.36869	598.568748	900.113555	763.798332	193.403071	718.447112	618.164296	123.670932	176.877263	917.630413	495.44299	849.795786	776.500144	817.920007	369.837778	106.562142	980.431528	1035.077067	766.579176	740.837727	1085.406622	471.09991	345.221753	628.554728	686.512945	1045.063324	177.949861	640.894473	488.307901	560.896402	655.56035	902.977201	778.792232	531.386214	773.872244	1096.630952	535.323973	1012.297224	679.654435	592.041374	315.70813	98.078443	390.016762	626.939321	253.742105	32.277043	322.941885	1076.154978	916.709455	370.767376	440.208005	648.492845	193.070779	660.287552	615.870729	1056.464253	837.408273	581.168455	415.657022	831.355355	724.424797	1047.346988	752.169232	151.078444	893.631523	118.713713	956.505648	920.206336	933.534039
647.374226	422.053793	724.318045	815.61718	709.130645	632.52888	112.010562	214.199509	144.614167	513.376804	587.599416	409.050131	617.464199	429.936722	535.071549	418.289205	425.932071	0	564.939244	353.697288	644.86179	365.695055	764.553833	356.93898	765.235726	168.787252	290.468805	331.740643	403.07771	189.1609	510.386651	413.489717	237.497451	506.080039	615.436342	572.51757	315.982806	746.219138	355.562859	350.509315	502.628092	571.091954	780.471437	386.607717	467.377003	282.722219	478.399879	604.834091	736.828883	747.210406	460.595327	768.542568	636.186505	153.02134	350.081764	544.318235	763.97047	322.520204	567.089387	460.193982	395.420159	531.337746	749.366665	369.416318	137.954683	419.395716	805.226907	137.66551	719.788326	408.998374	543.478004	228.664856	501.319368	143.776678	758.852996	174.073275	411.054535	352.971056	754.77759	525.07489	184.367368	290.511709	271.858182	237.90719	236.70298	474.285692	701.915397	577.929604	176.606501	233.214126	475.766488	301.935194	689.194352	352.674039	275.035978	484.994624	535.18101	585.622649	506.035822	523.105428
949.201753	963.950752	591.98199	900.728514	175.697869	109.268209	643.642281	552.495936	496.539038	999.10554	187.390384	440.289442	819.690114	968.148847	942.832365	382.069843	945.994035	564.939244	0	586.029459	408.987009	722.138205	721.65579	480.506967	614.378117	557.100604	633.174895	337.501124	883.094373	476.390591	180.698047	498.024062	347.932698	73.932066	523.900037	1032.332346	252.536261	928.814145	838.961068	804.195767	172.114677	786.4676	706.96854	560.395017	148.400743	614.613611	958.253078	42.935416	295.369689	756.858278	297.626032	279.377193	902.547558	600.792968	356.080819	519.495648	345.752414	882.622283	616.828685	652.119849	495.166443	543.350672	565.502775	215.871554	430.222581	179.94178	352.98866	552.158148	297.609765	335.930173	642.725762	640.03386	1036.488014	555.989801	940.631254	704.857743	921.72238	702.444841	260.885708	54.657077	735.884372	549.382925	580.423395	784.282325	431.53507	516.738313	159.03459	323.365469	527.084484	546.631942	131.258689	312.811049	142.466027	524.890341	803.43583	139.686557	1031.997899	40.792135	165.948111	140.068975
1000.963746	702.785666	983.562554	1145.145171	761.410981	689.559983	456.942196	139.50582	223.762623	836.359534	706.486592	171.67402	961.334814	715.141671	882.997155	226.796884	732.079234	353.697288	586.029459	0	853.194366	718.691966	1057.488599	109.4705	1021.044494	510.889904	101.18264	250.117004	737.026762	494.332323	640.173144	125.552383	439.13413	512.106216	878.141089	904.276022	383.630028	1091.134314	691.916519	696.908319	435.531671	915.205177	1064.653322	51.35263	575.596429	628.296848	806.874848	627.898902	854.470873	1054.664151	658.058828	857.607926	988.006825	505.540989	585.589096	821.592288	897.109513	576.979976	871.946908	792.856288	690.656757	819.678426	991.106559	382.845676	371.068216	538.467665	920.726364	216.209873	846.975321	630.996859	860.281725	581.572382	782.828099	487.4078	1103.969913	507.537224	726.533919	705.172538	839.874981	531.650072	367.390003	618.462322	84.759657	541.882625	191.366842	764.308287	745.03093	766.171161	179.483415	566.362396	572.93142	289.762906	728.329293	63.575857	592.949275	451.244043	849.864334	623.07631	441.833369	469.915929
685.181738	912.97511	185.778607	528.721241	352.708135	337.031966	658.191531	759.170829	670.40587	871.423917	223.708243	760.821381	522.503797	910.484439	756.462414	714.031693	866.381746	644.86179	408.987009	853.194366	0	564.86455	325.274703	771.518115	205.423717	526.652991	855.973761	624.876916	772.857423	464.034035	243.263537	810.778807	430.15125	446.49905	152.839356	873.703851	474.686139	598.085258	742.851392	691.544281	554.258686	506.87457	304.049533	848.603192	306.577533	498.762557	832.002613	400.995481	227.441346	374.003273	196.244413	297.068799	625.368306	576.725487	295.070285	201.959259	208.076482	883.278515	295.038772	411.569064	305.693737	237.379674	157.265872	498.022467	527.027811	327.056892	263.765314	716.909866	201.971231	237.152581	342.100951	565.061141	964.416629	543.211784	607.628879	695.720819	835.244474	549.103518	299.798596	440.734777	825.232914	431.835046	809.846112	773.163323	662.733743	257.244342	369.178068	92.291761	718.003084	472.205763	318.103061	571.881097	374.731496	805.784099	763.614894	510.514594	910.84205	377.435379	549.753006	531.865652
283.068356	369.358336	542.744985	489.667634	800.469121	737.889923	276.012619	579.431262	500.22476	307.038323	641.561973	748.905731	270.355735	363.098543	220.701451	741.714134	310.926309	365.695055	722.138205	718.691966	564.86455	0	514.905825	708.413196	581.868854	216.428972	654.123652	638.002298	210.806785	272.04075	580.037488	765.364518	403.966304	693.971175	453.775868	319.048083	542.749759	392.260756	189.669649	134.846497	743.32629	226.308091	544.90887	748.735259	578.495361	111.813701	267.231454	749.083651	752.011085	471.364174	467.803386	809.041176	271.187604	213.15098	370.608973	377.354323	754.973298	386.501941	330.97872	178.559397	265.453881	345.47119	592.19907	606.011483	387.972941	542.199351	808.815549	503.242904	727.684944	409.303184	283.649247	137.133325	407.043648	236.379706	404.243279	255.050475	278.721728	19.70445	802.402372	706.417281	451.93521	172.772789	637.530378	294.118906	575.222245	309.285595	803.811906	548.27459	539.797089	186.701189	594.459576	588.110371	797.777067	711.907349	255.394316	708.885574	346.154336	722.394031	743.936627	749.024167
485.955587	881.23204	145.240418	218.840856	677.589214	660.404089	728.197713	937.581706	843.74115	778.677385	543.765932	1005.141528	321.019172	873.458887	626.980122	968.71506	817.216365	764.553833	721.65579	1057.488599	325.274703	514.905825	0	997.988408	150.15719	603.138811	1032.216861	866.792785	712.990182	579.566708	543.484934	1046.427685	620.550963	746.211779	200.410103	751.955065	717.407235	332.721727	701.854169	647.252697	846.762329	335.437171	40.463399	1066.257713	595.91591	514.798478	746.810227	719.764058	541.496274	70.222468	446.384509	611.262035	422.667378	640.647487	477.318335	237.382645	508.175378	898.198763	199.295921	339.57909	371.901124	238.202322	200.488219	759.307241	690.078665	598.886915	558.542477	876.298986	517.869557	444.679645	235.288532	591.407923	907.797774	627.117044	337.925824	738.396496	785.192759	508.816043	617.267232	744.698688	916.19692	478.874751	995.540131	797.672954	869.95126	294.658563	694.397473	399.742781	893.162437	536.248598	611.032016	808.922973	699.976403	1022.962765	766.701541	802.190686	818.318333	694.451735	843.324515	830.25238
991.063393	747.91799	913.212078	1103.35867	656.193091	585.806756	468.034587	166.975881	212.572018	864.545867	610.720765	69.737749	933.372928	758.877724	891.388817	118.728598	767.688226	356.93898	480.506967	109.4705	771.518115	708.413196	997.988408	0	949.034519	493.10055	188.895561	150.711783	757.896248	459.701128	548.242504	57.044451	378.459299	406.784884	810.903908	927.305887	296.874938	1062.935901	710.902915	707.409318	326.503213	888.09024	1001.62134	80.756073	482.319702	608.515108	831.642017	521.836953	755.714823	1001.578817	579.662424	755.113204	971.328686	498.812621	520.900628	760.61882	800.051676	627.363367	820.7577	758.474617	640.567909	762.840911	915.447581	285.071164	332.178921	449.042298	820.820365	232.387334	749.742592	560.066592	815.115135	573.602253	828.946367	472.090078	1075.886428	526.346976	757.763696	692.850866	737.129782	425.902036	421.391038	586.551778	145.284173	574.630861	136.171459	709.659536	639.178893	682.008922	186.661868	539.855301	477.859868	199.739224	622.323308	45.922548	621.120284	343.898405	882.583415	518.449242	332.847923	361.073187
611.197667	950.536624	41.44072	368.997194	546.734608	539.902934	750.587147	913.147822	820.417295	870.554255	428.862561	946.162671	441.54803	944.793537	729.940293	903.375354	892.517989	765.235726	614.378117	1021.044494	205.423717	581.868854	150.15719	949.034519	0	618.464463	1010.002109	807.937532	790.508925	576.098757	445.192525	992.729631	583.472541	649.866025	149.801347	854.41691	656.034203	475.852194	771.37461	716.667224	756.191382	444.427048	115.636867	1022.715872	505.468332	552.931037	835.157994	605.958398	401.909605	216.791623	371.968687	470.516791	547.501797	663.046756	437.109081	224.196468	364.388543	948.288523	252.267177	404.393806	375.111075	246.188738	54.062128	688.089845	668.366499	518.999876	412.498058	860.356182	379.796848	390.20829	303.039822	628.586029	987.537547	640.035813	482.307295	773.167771	860.255377	571.331442	478.270117	645.034741	933.08683	500.924363	968.131031	841.748928	829.87749	298.724148	565.254604	293.610426	869.726947	554.057049	518.461636	752.07175	572.808432	979.31009	819.27609	711.996641	910.763258	582.730452	751.963633	735.246636
498.136065	415.480452	577.048615	646.836469	669.346132	597.720129	133.253367	373.622297	288.442278	444.658262	524.425353	532.483682	451.484211	417.496173	418.195923	526.091009	390.01002	168.787252	557.100604	510.889904	526.652991	216.428972	603.138811	493.10055	618.464463	0	457.020754	423.687348	327.913488	81.497323	451.140426	549.906816	212.378142	515.101272	470.004437	486.073969	343.602351	580.983899	282.553585	252.922539	546.795201	405.176942	621.905394	537.246807	428.185678	117.4119	404.455041	590.741115	660.997621	581.646486	366.913693	705.319699	479.153213	51.049635	250.045768	394.360346	678.302979	360.948802	404.131616	291.415025	243.353677	376.329667	609.458151	406.739526	173.198121	383.866469	726.179042	300.038988	640.144285	306.999385	376.992369	90.211703	483.112655	25.031862	593.751979	170.975474	364.845814	200.088506	694.553412	530.611437	315.499026	124.510299	433.12666	251.430172	359.075237	320.706379	667.438375	476.101148	331.528493	66.897039	441.417881	376.190109	657.899951	498.921352	254.905814	517.1004	475.974753	566.586461	548.330409	557.593347
933.155723	606.789203	970.930116	1101.939221	805.684475	730.891285	382.842936	97.119434	189.771038	746.813889	732.000259	257.999337	907.697058	619.594049	803.978784	305.902604	639.72374	290.468805	633.174895	101.18264	855.973761	654.123652	1032.216861	188.895561	1010.002109	457.020754	0	298.199677	651.948223	455.668642	660.689125	221.171654	428.33146	559.97786	863.124107	816.915666	405.432278	1036.628944	608.332563	618.362306	497.868586	861.325103	1043.081843	152.145462	599.527559	572.789991	719.198657	675.967968	883.563355	1022.873365	659.809347	894.352131	925.254715	443.003753	573.318622	800.504859	922.673868	479.819267	840.19392	746.641425	660.768524	794.304643	984.740662	419.99841	343.266931	557.68723	951.480409	158.307732	873.330579	624.474647	822.898649	517.872849	686.178264	432.360033	1049.280186	426.905766	636.215755	642.350938	877.336791	580.274697	270.952574	573.415896	52.764956	452.619076	205.7114	737.573792	791.231448	773.44824	140.311202	518.043623	599.736902	322.275883	775.135507	149.302797	505.421695	506.076215	758.159669	667.385111	503.788718	530.56862
914.311727	752.137014	773.517608	988.534935	512.197102	439.625293	440.272703	227.892547	205.48912	841.051351	460.040888	138.695138	835.80162	760.698585	840.199226	107.50584	757.529824	331.740643	337.501124	250.117004	624.876916	638.002298	866.792785	150.711783	807.937532	423.687348	298.199677	0	727.413472	370.084234	397.911956	185.908603	260.291725	263.681996	674.378888	895.11838	151.903346	963.332732	679.532167	664.589112	202.984383	792.267245	867.330805	231.157323	331.80308	529.762864	804.270149	379.900083	605.748345	876.302898	436.316638	607.499664	886.57083	443.998487	391.21509	630.224339	649.609438	644.034689	699.279991	656.725748	523.639444	636.44151	771.961001	134.416554	250.516472	299.864219	671.388034	253.652812	599.32197	423.276994	700.08342	512.195824	832.126274	407.688805	976.263855	504.486626	741.732397	620.347185	589.758002	283.668962	457.009768	493.24613	245.606627	568.972877	112.445501	586.325084	496.447999	534.351983	215.379508	455.803122	327.154219	58.261787	479.962687	191.580978	606.498458	207.897139	865.015324	373.642121	208.484377	234.02136
347.837016	172.662299	751.997956	648.43999	983.189311	915.325531	291.067916	602.285176	547.109903	116.808584	829.27633	812.046257	425.64208	162.654713	168.475001	820.030528	104.36285	403.07771	883.094373	737.026762	772.857423	210.806785	712.990182	757.896248	790.508925	327.913488	651.948223	727.413472	0	407.12606	761.617574	813.647363	540.291591	842.962804	664.563937	169.505341	669.003434	520.513916	47.884992	82.888253	871.531257	391.75681	745.781741	777.474721	748.461428	283.729414	77.397878	915.129731	950.359391	662.227622	658.753766	1003.609424	374.584732	290.853955	550.545604	588.104535	957.314958	240.600522	538.459477	386.121563	469.042522	556.26522	802.545153	731.363748	487.073168	706.620184	1009.997932	528.098838	926.864945	598.013882	489.023713	243.153432	197.028867	333.867934	529.897158	231.694342	72.761851	224.647409	995.392815	858.287037	395.47794	355.124365	652.277386	203.141574	639.408582	519.16504	983.807957	749.532072	572.529512	339.887178	762.905191	688.081562	975.79965	748.460061	148.218037	843.719684	149.114284	890.052822	873.467682	884.128527
544.313223	496.301625	535.160326	650.835498	588.251697	516.328958	197.904349	364.092369	271.796071	523.559408	445.13352	490.265101	473.706673	498.624768	485.521951	476.077857	471.477214	189.1609	476.390591	494.332323	464.034035	272.04075	579.566708	459.701128	576.098757	81.497323	455.668642	370.084234	407.12606	0	370.982419	515.129472	135.44431	436.420926	426.29741	561.534157	272.007612	603.234814	362.597449	329.81409	474.377508	428.575083	593.566551	513.623359	346.712886	161.139134	482.983208	509.56185	584.527486	567.344058	292.922385	626.714602	517.192341	129.547045	176.101953	355.455955	604.233649	435.998531	384.939926	299.748657	208.078852	343.844438	561.056619	335.469293	127.524883	302.397166	650.653867	298.02405	564.429589	234.973387	367.704441	164.949581	564.550882	86.718471	616.185315	246.379987	446.111034	253.418397	615.478736	451.357019	362.479923	126.861252	423.562811	327.965566	323.531968	286.650379	586.105468	405.966877	319.809723	86.174454	359.921145	317.815715	576.469485	472.610059	335.348261	442.400527	555.789242	485.248857	475.449418	482.876098
784.239866	866.561223	418.992919	720.044362	221.684632	158.658864	562.461692	567.656399	489.48817	874.25405	77.221082	528.580096	646.44506	868.240922	798.094975	478.077492	837.20363	510.386651	180.698047	640.173144	243.263537	580.037488	543.484934	548.242504	445.192525	451.140426	660.689125	397.911956	761.617574	370.982419	0	581.643365	272.889227	204.921537	344.372105	897.828286	257.214705	751.506645	721.258531	679.556496	311.255604	615.841457	530.98682	627.991565	66.597187	480.581683	833.039589	188.680532	228.700107	576.628835	122.456859	258.877709	734.1391	500.479053	211.450261	339.27072	262.964639	804.356214	437.662516	485.869238	331.596343	364.221163	399.910105	265.040553	374.102991	103.004708	297.642131	542.624728	214.809006	172.671908	466.152651	521.935399	932.481246	457.404562	763.097153	616.293216	809.794907	560.763161	246.147296	201.596938	693.797994	410.405898	610.456921	697.992242	456.877453	341.720118	223.820736	151.853009	531.707612	422.550585	75.45163	350.796001	217.931845	586.729631	706.011965	267.330492	910.034177	160.985981	306.896914	290.199694
1047.944834	799.653979	957.723963	1156.358078	673.10454	605.708548	524.286487	217.659568	269.339134	919.503249	640.293072	58.050292	988.82276	810.942159	948.186129	117.535291	821.36869	413.489717	498.024062	125.552383	810.778807	765.364518	1046.427685	57.044451	992.729631	549.906816	221.171654	185.908603	813.647363	515.129472	581.643365	0	429.065039	425.498354	856.971178	982.959008	337.198433	1118.25329	766.801268	763.998818	334.900054	943.684035	1048.835353	77.869243	515.146349	665.078352	887.015183	537.873169	781.434698	1051.964849	621.643224	776.080049	1027.849176	555.856216	569.131036	809.108465	827.425216	677.582546	871.985285	813.243058	692.544001	812.631835	957.497439	316.605989	387.646346	485.265403	844.951384	286.708869	777.134844	605.661889	867.793429	630.636349	880.578276	529.015687	1131.209694	581.985258	812.156851	749.740525	757.80416	443.516916	469.838409	641.981987	185.844796	628.448117	191.982234	760.234756	654.90963	720.145888	241.428659	595.977222	509.121229	240.661383	637.819336	73.785471	675.75811	358.765052	936.883399	537.343024	341.413798	370.037972
667.345988	616.287095	545.270359	729.387699	476.387763	401.048787	298.484651	331.212048	240.596341	657.030151	350.102551	393.353964	577.407379	620.285538	620.138541	367.634025	598.568748	237.497451	347.932698	439.13413	430.15125	403.966304	620.550963	378.459299	583.472541	212.378142	428.33146	260.291725	540.291591	135.44431	272.889227	429.065039	0	302.823364	439.123246	696.744064	139.217348	703.988219	494.772832	464.443161	339.700787	534.7539	626.088289	445.738137	232.499068	292.155067	616.767364	383.901964	499.803597	623.165008	235.752507	531.212361	634.253634	253.454511	146.642003	383.548279	528.596641	540.222385	442.941806	397.749016	264.408441	384.458885	556.5884	202.173063	102.432068	184.875172	568.401837	286.980018	483.38635	196.169533	440.632939	299.785922	688.561248	208.750087	716.891074	357.918148	574.995708	384.799169	517.673316	318.662121	421.136403	242.181139	384.914046	438.324296	249.625882	331.282765	471.113507	352.813383	288.876875	217.535103	242.640381	203.049442	459.648938	402.418098	455.566999	307.00451	688.200476	361.444666	340.558727	347.465073
934.817355	913.752688	623.899181	913.581866	249.451325	180.214928	591.233128	480.693544	428.385723	959.630512	235.492781	368.008388	814.933337	918.810991	914.034579	310.428367	900.113555	506.080039	73.932066	512.106216	446.49905	693.971175	746.211779	406.784884	649.866025	515.101272	559.97786	263.681996	842.962804	436.420926	204.921537	425.498354	302.823364	0	546.061338	997.320346	190.21353	929.632558	797.585148	766.230274	110.054517	778.874642	735.166722	486.823841	151.232189	583.840205	919.22231	116.229751	360.785578	775.5353	305.845632	350.655009	891.750075	555.710863	339.817589	531.057578	409.553562	826.845415	623.873093	641.629409	485.323295	551.114116	603.696613	145.704655	375.067805	163.288107	421.503696	483.762411	360.096201	332.074867	644.295061	601.365026	988.220464	511.201237	941.833445	654.006065	877.258268	674.307614	332.335927	20.513314	672.019197	522.562211	507.213408	731.803115	359.568673	517.751619	232.964802	356.266359	456.772707	512.553422	135.39789	241.025569	216.360285	451.048801	754.52891	70.352138	991.016121	111.950491	104.815601	85.400622
538.142528	817.778444	109.002947	383.446888	497.313135	470.28565	602.668314	766.571165	673.361621	753.795395	351.8051	813.073572	372.494104	813.208321	625.855437	773.928287	763.798332	615.436342	523.900037	878.141089	152.839356	453.775868	200.410103	810.903908	149.801347	470.004437	863.124107	674.378888	664.563937	426.29741	344.372105	856.971178	439.123246	546.061338	0	747.210212	523.31061	445.320074	640.795764	586.922647	646.373552	360.626049	194.025638	882.449108	395.556621	411.245709	716.178572	524.75971	380.157558	233.690732	246.652431	449.554181	476.968699	515.574543	292.554451	78.662	359.63141	806.837092	147.509787	283.744137	226.975713	108.308076	141.972737	561.927573	520.506029	399.052106	414.89733	712.021431	354.575702	251.334499	198.112151	485.376594	860.610579	491.142729	454.964735	627.908148	731.772558	440.881488	451.567488	544.978752	783.940138	354.966242	822.407483	698.860578	687.734638	153.419275	511.765752	206.85575	722.82216	406.479835	410.776159	617.209306	515.123819	838.984571	679.747799	601.798366	793.884903	498.64996	642.919426	629.919995
298.828821	257.725109	819.597036	638.303639	1118.85845	1054.910391	460.510098	770.727453	716.613265	78.182011	960.4867	981.526684	435.13354	242.342979	125.117031	988.951298	193.403071	572.51757	1032.332346	904.276022	873.703851	319.048083	751.955065	927.305887	854.41691	486.073969	816.915666	895.11838	169.505341	561.534157	897.828286	982.959008	696.744064	997.320346	747.210212	0	829.635077	492.138629	216.970984	233.391379	1032.799465	416.558764	789.127167	945.631433	892.31984	418.958258	97.736821	1061.817763	1069.49443	691.237329	786.825709	1127.592232	349.625612	454.255028	687.079001	676.623285	1070.094122	371.052824	606.538145	464.384965	582.706708	642.015109	876.038096	892.657249	651.636879	853.300066	1124.625014	697.062872	1044.854366	728.053863	554.295588	397.037924	220.511269	495.357161	498.133797	400.982201	185.307628	337.83058	1121.226122	1011.549011	553.953103	487.71897	819.625959	364.47467	808.678666	616.622633	1121.628152	864.946811	741.709926	485.829698	907.697531	854.221589	1115.073861	917.317454	311.633092	1002.981157	95.448072	1035.761949	1034.386786	1043.48665
